0 0.495 0.505 30.1589
0.004 0.3163 0.4981 24.4259
0.008 0.1971 0.4982 19.8056
0.012 0.1235 0.4965 16.6131
0.016 0.0708 0.5064 13.5128
0.02 0.0446 0.4926 11.6701
0.024 0.0271 0.4989 10.0637
0.028 0.0178 0.5007 8.80978
0.032 0.0119 0.4986 7.89732
0.036 0.0069 0.5017 7.08895
0.04 0.0046 0.5098 6.4375
0.044 0.0029 0.5085 5.68061
0.048 0.0017 0.4958 5.47884
0.052 0.0014 0.499 5.16869
0.056 0.0005 0.5023 4.61918
0.06 0.0009 0.5068 4.37606
0.064 0 0.4989 4.16663
0.068 0.0004 0.5071 3.94859
0.072 0.0002 0.5019 3.78921
0.076 0 0.4926 3.5784
0.08 0 0.5011 3.30627
0.084 0.0001 0.5008 3.20738
0.088 0 0.4976 3.03149
0.092 0 0.5005 2.94138
0.096 0 0.4996 2.83574
0.1 0 0.4961 2.74421
0.104 0 0.5056 2.65831
0.108 0 0.4988 2.56715
0.112 0 0.5063 2.42244
0.116 0 0.4906 2.46323
0.12 0 0.4989 2.34179
0.124 0 0.5055 2.23816
0.128 0 0.4961 2.17299
0.132 0 0.5022 2.15733
0.136 0 0.4952 2.15318
0.14 0 0.5057 2.07141
0.144 0 0.5101 1.95938
0.148 0 0.4963 1.95809
0.152 0 0.4988 1.93087
0.156 0 0.501 1.83812
0.16 0 0.4999 1.85841
0.164 0 0.5057 1.77025
0.168 0 0.5039 1.75656
0.172 0 0.4951 1.7213
0.176 0 0.498 1.67932
0.18 0 0.5067 1.62603
0.184 0 0.4994 1.63082
0.188 0 0.4966 1.59317
0.192 0 0.5048 1.53623
0.196 0 0.5014 1.54878
0.2 0 0.4983 1.51849
0.204 0 0.4963 1.47085
0.208 0 0.5073 1.44545
0.212 0 0.4971 1.43108
0.216 0 0.5055 1.38867
0.22 0 0.5025 1.42808
0.224 0 0.4997 1.3584
0.228 0 0.5074 1.35085
0.232 0 0.5089 1.31356
0.236 0 0.5056 1.29199
0.24 0 0.4935 1.31199
0.244 0 0.498 1.27743
0.248 0 0.5027 1.25929
0.252 0 0.5116 1.22675
0.256 0 0.5051 1.23036
0.26 0 0.5039 1.23018
0.264 0 0.4999 1.16606
0.268 0 0.5078 1.16973
0.272 0 0.5032 1.14653
0.276 0 0.5011 1.16907
0.28 0 0.502 1.13241
0.284 0 0.5 1.13347
0.288 0 0.4956 1.12193
0.292 0 0.5 1.10113
0.296 0 0.5016 1.09433
0.3 0 0.4961 1.08378
0.304 0 0.4977 1.08753
0.308 0 0.4983 1.06249
0.312 0 0.4882 1.06251
0.316 0 0.5008 1.0414
0.32 0 0.5005 1.02971
0.324 0 0.5043 1.02337
0.328 0 0.5046 1.00536
0.332 0 0.4936 1.01917
0.336 0 0.4996 1.0016
0.34 0 0.4981 0.987404
0.344 0 0.5044 0.979194
0.348 0 0.4976 0.973489
0.352 0 0.5065 0.965909
0.356 0 0.4951 0.956592
0.36 0 0.498 0.940367
0.364 0 0.4981 0.936385
0.368 0 0.4995 0.933545
0.372 0 0.495 0.930073
0.376 0 0.5053 0.898705
0.38 0 0.5026 0.899994
0.384 0 0.4916 0.912392
0.388 0 0.5007 0.898326
0.392 0 0.4877 0.895103
0.396 0 0.5012 0.889636
0.4 0 0.501 0.891468
0.404 0 0.5014 0.869826
0.408 0 0.4948 0.875584
0.412 0 0.4922 0.859894
0.416 0 0.5036 0.846856
0.42 0 0.5011 0.841549
0.424 0 0.4979 0.849153
0.428 0 0.5038 0.823701
0.432 0 0.511 0.829938
0.436 0 0.4913 0.831744
0.44 0 0.5107 0.8081
0.444 0 0.5012 0.8136
0.448 0 0.5029 0.79421
0.452 0 0.4948 0.807682
0.456 0 0.4975 0.790933
0.46 0 0.5008 0.805682
0.464 0 0.5065 0.784811
0.468 0 0.5121 0.778635
0.472 0 0.4994 0.778931
0.476 0 0.4992 0.765613
0.48 0 0.5062 0.775211
0.484 0 0.5017 0.766233
0.488 0 0.5036 0.773262
0.492 0 0.4968 0.758199
0.496 0 0.4975 0.761563
0.5 0 0.4996 0.752277
0.504 0 0.5075 0.748481
0.508 0 0.5015 0.737624
0.512 0 0.493 0.737931
0.516 0 0.5041 0.72692
0.52 0 0.4893 0.735806
0.524 0 0.5054 0.72948
0.528 0 0.4983 0.719339
0.532 0 0.4992 0.718366
0.536 0 0.505 0.721351
0.54 0 0.4963 0.709877
0.544 0 0.4914 0.708225
0.548 0 0.5052 0.704409
0.552 0 0.4971 0.707997
0.556 0 0.5059 0.712152
0.56 0 0.4987 0.692017
0.564 0 0.5051 0.683748
0.568 0 0.4988 0.687481
0.572 0 0.4985 0.692073
0.576 0 0.5012 0.682623
0.58 0 0.4985 0.679684
0.584 0 0.5041 0.667944
0.588 0 0.4967 0.67362
0.592 0 0.4955 0.671963
0.596 0 0.5125 0.661504
0.6 0 0.512 0.664286
0.604 0 0.5002 0.669285
0.608 0 0.4957 0.657242
0.612 0 0.5027 0.656403
0.616 0 0.5012 0.653712
0.62 0 0.5038 0.656777
0.624 0 0.5068 0.642384
0.628 0 0.494 0.652029
0.632 0 0.5023 0.639861
0.636 0 0.5049 0.640484
0.64 0 0.5054 0.635457
0.644 0 0.5046 0.636893
0.648 0 0.5017 0.632368
0.652 0 0.5022 0.633857
0.656 0 0.4946 0.631983
0.66 0 0.4978 0.625683
0.664 0 0.5024 0.633634
0.668 0 0.5028 0.622688
0.672 0 0.4975 0.616559
0.676 0 0.5 0.622616
0.68 0 0.5008 0.617504
0.684 0 0.4962 0.619341
0.688 0 0.4999 0.611608
0.692 0 0.4987 0.60967
0.696 0 0.5077 0.607318
0.7 0 0.4866 0.610935
0.704 0 0.4987 0.601963
0.708 0 0.4897 0.609868
0.712 0 0.5038 0.596192
0.716 0 0.5024 0.60278
0.72 0 0.5108 0.59873
0.724 0 0.5003 0.592938
0.728 0 0.4984 0.592236
0.732 0 0.5042 0.589774
0.736 0 0.4965 0.588515
0.74 0 0.4996 0.586247
0.744 0 0.4966 0.582319
0.748 0 0.499 0.576743
0.752 0 0.4975 0.582791
0.756 0 0.4975 0.583711
0.76 0 0.4993 0.580801
0.764 0 0.5038 0.577322
0.768 0 0.4914 0.579995
0.772 0 0.4977 0.573444
0.776 0 0.4987 0.566014
0.78 0 0.4976 0.568339
0.784 0 0.4957 0.566075
0.788 0 0.5033 0.570625
0.792 0 0.512 0.564763
0.796 0 0.5044 0.554825
0.8 0 0.5021 0.561871
0.804 0 0.4974 0.561138
0.808 0 0.4983 0.564144
0.812 0 0.5107 0.555789
0.816 0 0.5034 0.560551
0.82 0 0.4981 0.558701
0.824 0 0.5085 0.552358
0.828 0 0.5041 0.555589
0.832 0 0.4913 0.5538
0.836 0 0.5003 0.550756
0.84 0 0.5086 0.5419
0.844 0 0.5024 0.545266
0.848 0 0.4906 0.54611
0.852 0 0.4962 0.545162
0.856 0 0.4974 0.540078
0.86 0 0.5082 0.535859
0.864 0 0.5098 0.537008
0.868 0 0.4893 0.541401
0.872 0 0.5014 0.541864
0.876 0 0.5058 0.537289
0.88 0 0.4933 0.530419
0.884 0 0.4969 0.538642
0.888 0 0.5031 0.529062
0.892 0 0.4979 0.524234
0.896 0 0.4935 0.537389
0.9 0 0.4994 0.526412
0.904 0 0.507 0.525565
0.908 0 0.5104 0.529061
0.912 0 0.496 0.522881
0.916 0 0.5056 0.52713
0.92 0 0.5027 0.52586
0.924 0 0.4919 0.517534
0.928 0 0.5073 0.519756
0.932 0 0.5021 0.517598
0.936 0 0.5047 0.516976
0.94 0 0.4966 0.514122
0.944 0 0.4993 0.517478
0.948 0 0.4936 0.517721
0.952 0 0.4945 0.504479
0.956 0 0.5087 0.514831
0.96 0 0.4982 0.512731
0.964 0 0.5002 0.511438
0.968 0 0.5081 0.508602
0.972 0 0.4994 0.50334
0.976 0 0.4934 0.506155
0.98 0 0.4921 0.505251
0.984 0 0.4995 0.499838
0.988 0 0.5026 0.503718
0.992 0 0.5022 0.502638
0.996 0 0.5021 0.500483
1 0 0.5019 0.499593
