0 0.0162 0.9838 63.2655
0.01 0 0.8198 9.81295
0.02 0 0.7533 6.4639
0.03 0 0.7044 5.23624
0.04 0 0.6586 4.54628
0.05 0 0.633 3.91405
0.06 0 0.6031 3.71786
0.07 0 0.5752 3.33753
0.08 0 0.5589 3.00922
0.09 0 0.5344 2.86198
0.1 0 0.5197 2.67786
0.11 0 0.5012 2.50858
0.12 0 0.4823 2.3892
0.13 0 0.4734 2.26586
0.14 0 0.4517 2.19506
0.15 0 0.4443 2.08251
0.16 0 0.4296 1.98641
0.17 0 0.4194 1.92152
0.18 0 0.4022 1.87009
0.19 0 0.3946 1.77461
0.2 0 0.3728 1.72146
0.21 0 0.3666 1.67134
0.22 0 0.3609 1.64003
0.23 0 0.3493 1.58589
0.24 0 0.3445 1.54109
0.25 0 0.3363 1.48735
0.26 0 0.325 1.46637
0.27 0 0.3059 1.43484
0.28 0 0.3011 1.37548
0.29 0 0.3059 1.35073
0.3 0 0.2938 1.33432
0.31 0 0.2928 1.30468
0.32 0 0.2768 1.27962
0.33 0 0.2699 1.25376
0.34 0 0.262 1.20556
0.35 0 0.2523 1.1787
0.36 0 0.2521 1.1592
0.37 0 0.2391 1.1289
0.38 0 0.2437 1.12149
0.39 0 0.2311 1.10878
0.4 0 0.2234 1.09842
0.41 0 0.2297 1.05729
0.42 0 0.2242 1.04641
0.43 0 0.208 1.01315
0.44 0 0.2095 1.00672
0.45 0 0.1961 0.991967
0.46 0 0.1885 0.985746
0.47 0 0.1859 0.957189
0.48 0 0.1828 0.948253
0.49 0 0.175 0.931301
0.5 0 0.1699 0.92107
0.51 0 0.166 0.903334
0.52 0 0.1596 0.883185
0.53 0 0.1653 0.874693
0.54 0 0.1495 0.866784
0.55 0 0.1499 0.852069
0.56 0 0.1381 0.825428
0.57 0 0.1387 0.8184
0.58 0 0.1353 0.808295
0.59 0 0.1319 0.803844
0.6 0 0.1247 0.783075
0.61 0 0.1316 0.784646
0.62 0 0.1206 0.767223
0.63 0 0.1159 0.754291
0.64 0 0.1084 0.747329
0.65 0 0.106 0.740601
0.66 0 0.0997 0.739773
0.67 0 0.0931 0.717236
0.68 0 0.1007 0.715817
0.69 0 0.0893 0.696396
0.7 0 0.0847 0.700974
0.71 0 0.084 0.679249
0.72 0 0.0779 0.675641
0.73 0 0.0763 0.671269
0.74 0 0.0735 0.661176
0.75 0 0.0715 0.65235
0.76 0 0.0675 0.642002
0.77 0 0.0641 0.63936
0.78 0 0.0616 0.630754
0.79 0 0.0584 0.625647
0.8 0 0.0582 0.618047
0.81 0 0.052 0.605935
0.82 0 0.0471 0.604914
0.83 0 0.0477 0.596972
0.84 0 0.0429 0.593102
0.85 0 0.0448 0.586723
0.86 0 0.0416 0.574471
0.87 0 0.0375 0.566464
0.88 0 0.0346 0.572966
0.89 0 0.0284 0.55805
0.9 0 0.0244 0.556395
0.91 0 0.0233 0.55057
0.92 0 0.02 0.541752
0.93 0 0.0182 0.535408
0.94 0 0.0154 0.528776
0.95 0 0.0129 0.525996
0.96 0 0.0088 0.51838
0.97 0 0.0077 0.520223
0.98 0 0.0063 0.511783
0.99 0 0.0018 0.507394
